0.19345767575542427 -0.9898862783635931 0.9918290228393902 0.7636453932151732 -0.35341614081732686 0.042108393898946384 -0.060141583065019155 131568.0
0.1882087420367915 -0.9240969147260312 -0.5808087017416492 0.9019542235963813 0.037659044610413916 -0.1946230794102588 -0.34820239105730844 77192.0
0.1882087420367915 -0.9898862783635931 0.9918290228393902 0.7636453932151732 -0.6941408474060937 0.042108393898946384 -0.1563120083091032 72996.0
0.0804604907654829 -0.9240969147260312 -0.31402818297835866 0.8623866101850617 -0.35341614081732686 -0.4926507722563802 -0.3774963748389122 71416.0
0.19345767575542427 -0.9083524066176898 0.8043958109066334 0.7636453932151732 -0.6941408474060937 0.00936472824688872 -0.5159456147401775 63120.0
0.1882087420367915 -0.9942651519524797 0.004066008652173769 0.6036537990794681 0.037659044610413916 0.13793904079974073 -0.4607536464953339 60068.0
0.029078657924801687 -0.9083524066176898 0.8043958109066334 0.7636453932151732 -0.6346871049244966 -0.7227209840881452 0.22870572912821907 58664.0
0.19345767575542427 -0.9083524066176898 0.9918290228393902 0.7636453932151732 -0.6346871049244966 0.042108393898946384 0.22870572912821907 51000.0
0.19345767575542427 -0.9942651519524797 0.9918290228393902 0.9267757188195371 0.037659044610413916 -0.1946230794102588 -0.4607536464953339 50872.0
0.1882087420367915 -0.9240969147260312 -0.7060055378717336 0.9019542235963813 -0.5508549136828095 -0.1946230794102588 -0.34820239105730844 50528.0
0.1882087420367915 -0.9083524066176898 -0.5808087017416492 0.9019542235963813 -0.35341614081732686 -0.1946230794102588 -0.34820239105730844 49916.0
0.1882087420367915 -0.9240969147260312 -0.7060055378717336 0.9019542235963813 0.3450969007603881 -0.1946230794102588 0.22910047041601445 49216.0
0.2924840851825754 -0.9898862783635931 -0.09890376138293933 0.4271284453442923 0.4791591954227894 0.8053610118517187 -0.3774963748389122 48200.0
0.1882087420367915 -0.9240969147260312 0.3468984885402737 0.9019542235963813 0.037659044610413916 -0.1946230794102588 0.22910047041601445 46340.0
0.10177587553171707 -0.9240969147260312 0.9918290228393902 0.7636453932151732 0.037659044610413916 -0.3935303402809469 0.22910047041601445 45872.0
0.2924840851825754 -0.863916216502203 0.2382464867345313 0.20676837962872385 0.9595015401125486 0.8053610118517187 -0.3774963748389122 44348.0
0.1882087420367915 -0.7021460925937777 0.628915529073182 0.6036537990794681 0.037659044610413916 0.13793904079974073 -0.5683779303961494 43492.0
0.2924840851825754 -0.9240969147260312 0.2382464867345313 0.35018220459997607 0.9595015401125486 0.8053610118517187 -0.3774963748389122 43348.0
0.2924840851825754 -0.863916216502203 0.628915529073182 0.30746214556182117 0.48026415472615747 0.8053610118517187 -0.3774963748389122 43108.0
0.2924840851825754 -0.6012312185610944 0.7613600892802224 0.30746214556182117 0.8095286555934864 0.8053610118517187 -0.060141583065019155 39852.0
0.1882087420367915 -0.9083524066176898 -0.5808087017416492 0.9019542235963813 0.48026415472615747 -0.1946230794102588 -0.5159456147401775 39852.0
0.1882087420367915 -0.9240969147260312 0.3468984885402737 0.9019542235963813 0.037659044610413916 -0.1946230794102588 0.22910047041601445 39800.0
0.029078657924801687 -0.8703911207066886 -0.7060055378717336 0.6489015504499023 0.3450969007603881 -0.7227209840881452 -0.1563120083091032 39596.0
0.19345767575542427 -0.9240969147260312 -0.31402818297835866 0.7636453932151732 -0.6941408474060937 0.042108393898946384 -0.39242842182849635 37928.0
0.029078657924801687 -0.9702775166977062 -0.7060055378717336 0.9019542235963813 0.33720246044318647 -0.7227209840881452 -0.062283185808432034 37056.0
0.1882087420367915 -0.9083524066176898 0.8043958109066334 0.7636453932151732 -0.35341614081732686 -0.1946230794102588 -0.060141583065019155 36836.0
0.19345767575542427 -0.9240969147260312 -0.31402818297835866 0.7636453932151732 -0.6346871049244966 0.042108393898946384 0.22870572912821907 36576.0
0.19345767575542427 -0.9898862783635931 0.9918290228393902 0.7636453932151732 -0.6941408474060937 0.042108393898946384 -0.39242842182849635 36572.0
0.19345767575542427 -0.9898862783635931 0.9918290228393902 0.7636453932151732 -0.6941408474060937 0.042108393898946384 -0.39242842182849635 36296.0
0.029078657924801687 -0.9083524066176898 0.6359121891842905 0.2972027257221006 -0.35341614081732686 -0.1946230794102588 -0.060141583065019155 35808.0
0.1882087420367915 -0.9083524066176898 0.9918290228393902 0.9267757188195371 -0.35341614081732686 -0.1946230794102588 -0.2216119484925423 35448.0
0.1882087420367915 -0.9898862783635931 -0.5808087017416492 0.9019542235963813 -0.6941408474060937 -0.1946230794102588 -0.34820239105730844 33680.0
0.1882087420367915 -0.9240969147260312 0.3468984885402737 0.9019542235963813 0.037659044610413916 -0.1946230794102588 -0.5159456147401775 31024.0
0.1882087420367915 -0.7021460925937777 0.3468984885402737 0.9019542235963813 0.037659044610413916 -0.1946230794102588 -0.5683779303961494 30840.0
0.1882087420367915 -0.9240969147260312 -0.7060055378717336 0.9019542235963813 0.3450969007603881 -0.1946230794102588 -0.3774963748389122 30756.0
0.09218087580532586 -0.8198688226338846 0.628915529073182 0.8599524049688833 0.22659708037763523 -0.4926507722563802 -0.3774963748389122 30596.0
0.1882087420367915 -0.9240969147260312 -0.765803453097261 0.9019542235963813 0.037659044610413916 -0.1946230794102588 -0.34820239105730844 30508.0
0.19345767575542427 -0.5395287811310654 0.9918290228393902 0.7636453932151732 -0.6346871049244966 0.042108393898946384 0.22870572912821907 30488.0
0.1882087420367915 -0.7021460925937777 0.628915529073182 0.9019542235963813 0.037659044610413916 -0.1946230794102588 -0.5683779303961494 30176.0
0.17344423640274176 -0.9240969147260312 0.8390057923523455 0.9019542235963813 -0.36681194763039127 -0.37089721584046753 0.1042856040701492 29876.0
0.5742056741650301 -0.5789880980938831 0.628915529073182 0.20676837962872385 -0.3835473082635259 0.8053610118517187 -0.2216119484925423 29844.0
0.1882087420367915 -0.9775334197440517 -0.5808087017416492 0.9019542235963813 -0.35341614081732686 -0.1946230794102588 -0.3774963748389122 29552.0
0.029078657924801687 -0.9898862783635931 -0.09890376138293933 0.9019542235963813 0.4791591954227894 -0.920530040551041 -0.39242842182849635 29332.0
0.1882087420367915 -0.7021460925937777 0.628915529073182 0.7636453932151732 -0.6346871049244966 0.042108393898946384 0.22870572912821907 29236.0
0.1882087420367915 -0.9240969147260312 0.8106599092900425 0.9019542235963813 0.037659044610413916 -0.1946230794102588 0.22910047041601445 29116.0
0.1882087420367915 -0.5987656064997804 -0.6299280603335848 0.20676837962872385 0.13360875392959493 -0.37089721584046753 -0.2216119484925423 28960.0
0.1882087420367915 -0.863916216502203 0.2382464867345313 0.6036537990794681 0.9595015401125486 0.13793904079974073 -0.5683779303961494 28720.0
0.10177587553171707 -0.9240969147260312 -0.765803453097261 0.9019542235963813 -0.36681194763039127 -0.3935303402809469 0.1042856040701492 28548.0
0.19345767575542427 -0.9240969147260312 -0.31402818297835866 0.7636453932151732 -0.6346871049244966 0.042108393898946384 0.22870572912821907 28468.0
0.1882087420367915 -0.9240969147260312 0.6778394979295599 0.4271284453442923 0.31157743087108014 -0.38659055108477824 -0.27614738325298926 26936.0
0.17344423640274176 -0.9083524066176898 0.8390057923523455 0.7636453932151732 -0.35341614081732686 -0.1946230794102588 0.1042856040701492 26572.0
0.19345767575542427 -0.5395287811310654 0.9918290228393902 0.7636453932151732 0.037659044610413916 0.042108393898946384 0.22870572912821907 26388.0
0.7916595144436442 -0.9942651519524797 0.6895007382492941 0.20676837962872385 0.16687703565810397 -0.7227209840881452 -0.4607536464953339 26184.0
0.1882087420367915 -0.9240969147260312 -0.7060055378717336 0.6036537990794681 0.3450969007603881 0.13793904079974073 -0.5683779303961494 26100.0
0.5090470735952062 -0.9898862783635931 -0.09890376138293933 0.4271284453442923 0.4791591954227894 -0.09526355076668724 -0.39242842182849635 25616.0
0.0804604907654829 -0.8198688226338846 0.7613600892802224 0.8623866101850617 -0.35341614081732686 -0.4926507722563802 -0.3774963748389122 25588.0
0.10177587553171707 -0.9240969147260312 -0.765803453097261 0.9019542235963813 0.3450969007603881 -0.3935303402809469 0.22910047041601445 25572.0
0.19345767575542427 -0.9240969147260312 0.9918290228393902 0.7636453932151732 -0.6346871049244966 0.042108393898946384 0.22870572912821907 25540.0
0.1882087420367915 -0.9240969147260312 0.8043958109066334 0.7636453932151732 0.31157743087108014 -0.37089721584046753 -0.060141583065019155 25284.0
0.1882087420367915 -0.5987656064997804 0.6778394979295599 0.3183530430488082 0.13360875392959493 -0.37089721584046753 -0.2216119484925423 24884.0
0.7570820687990156 -0.6012312185610944 0.7613600892802224 0.30746214556182117 0.8095286555934864 0.13793904079974073 -0.060141583065019155 24280.0
0.1882087420367915 -0.5944259666145764 0.628915529073182 0.9267757188195371 0.3450969007603881 -0.1946230794102588 -0.1563120083091032 24156.0
0.983460328283975 -0.7158541349445304 -0.22199731568871928 0.20676837962872385 0.4655311849258717 0.3069189060976626 -0.3780987091785376 24080.0
0.1882087420367915 -0.5987656064997804 -0.6299280603335848 0.3183530430488082 0.13360875392959493 -0.37089721584046753 -0.2216119484925423 23968.0
0.9873586263575771 -0.9083524066176898 0.8043958109066334 0.20676837962872385 0.9595015401125486 0.8053610118517187 -0.5159456147401775 23796.0
0.1882087420367915 -0.5944259666145764 0.628915529073182 0.9267757188195371 0.037659044610413916 -0.1946230794102588 -0.2216119484925423 23372.0
0.17344423640274176 -0.9083524066176898 0.6359121891842905 0.7967759474782725 -0.36681194763039127 -0.7227209840881452 0.1042856040701492 23320.0
0.029078657924801687 -0.9240969147260312 -0.7060055378717336 0.9019542235963813 0.037659044610413916 -0.920530040551041 -0.1563120083091032 23032.0
0.1882087420367915 -0.9083524066176898 0.628915529073182 0.7636453932151732 -0.35341614081732686 -0.1946230794102588 -0.1563120083091032 22892.0
0.6977758827444207 -0.9942651519524797 -0.19533950892819707 0.20676837962872385 -0.6346871049244966 -0.7808064552643836 -0.34820239105730844 22756.0
0.7916595144436442 -0.8198688226338846 -0.34170065219886747 0.20676837962872385 0.21750130586425298 -0.4820030438957206 -0.4607536464953339 22576.0
0.17344423640274176 -0.9240969147260312 0.8390057923523455 0.9019542235963813 -0.11157586035385925 -0.37089721584046753 0.1042856040701492 22392.0
0.35492061848035644 -0.5987656064997804 -0.41593739884270176 0.20676837962872385 0.9595015401125486 0.8053610118517187 -0.3774963748389122 22332.0
0.12875092208851674 -0.9240969147260312 -0.6970665907902298 0.9528061774773295 0.3450969007603881 -0.7227209840881452 -0.34820239105730844 22260.0
0.10177587553171707 -0.9240969147260312 -0.765803453097261 0.9019542235963813 0.037659044610413916 -0.3935303402809469 0.22910047041601445 22180.0
0.49878211670311323 -0.47762233000028065 0.7613600892802224 0.20676837962872385 0.11856906121158328 -0.37089721584046753 -0.3774963748389122 22152.0
0.7570820687990156 -0.9775334197440517 0.7613600892802224 0.20676837962872385 -0.35341614081732686 0.8053610118517187 -0.3774963748389122 22148.0
0.1882087420367915 -0.9240969147260312 0.8043958109066334 0.9019542235963813 0.31157743087108014 -0.37089721584046753 0.22870572912821907 22132.0
0.2924840851825754 -0.863916216502203 0.8043958109066334 0.20676837962872385 0.9595015401125486 0.8053610118517187 -0.3774963748389122 22016.0
0.7570820687990156 -0.9898862783635931 0.7613600892802224 0.20676837962872385 -0.35341614081732686 0.8053610118517187 -0.3774963748389122 22012.0
0.1882087420367915 -0.5789880980938831 0.628915529073182 0.9267757188195371 0.037659044610413916 -0.1946230794102588 -0.2216119484925423 21988.0
0.17344423640274176 -0.8377840909310721 0.8390057923523455 0.7967759474782725 -0.36681194763039127 -0.45310139824572726 0.1042856040701492 21916.0
0.19345767575542427 -0.5789880980938831 0.628915529073182 0.30746214556182117 -0.6346871049244966 0.00936472824688872 -0.2216119484925423 21860.0
0.1882087420367915 -0.8198688226338846 0.628915529073182 0.11986144469413507 0.2590468941616966 0.13793904079974073 -0.2216119484925423 21728.0
0.8222574531597066 -0.5789880980938831 0.7613600892802224 0.30746214556182117 0.2590468941616966 -0.6154077470347441 -0.060141583065019155 21656.0
0.19345767575542427 -0.9942651519524797 0.9918290228393902 0.20676837962872385 -0.6346871049244966 -0.7808064552643836 -0.4607536464953339 21588.0
0.5742056741650301 -0.5789880980938831 0.628915529073182 0.30746214556182117 -0.3835473082635259 -0.6154077470347441 -0.2216119484925423 21576.0
0.1882087420367915 -0.9240969147260312 -0.31402818297835866 0.9019542235963813 -0.11157586035385925 -0.37089721584046753 0.025096160857533523 21560.0
0.6622022694258598 -0.9898862783635931 0.6895007382492941 0.4271284453442923 0.4791591954227894 -0.7227209840881452 -0.5159456147401775 21540.0
0.029078657924801687 -0.9083524066176898 0.6359121891842905 0.2972027257221006 -0.11157586035385925 -0.37089721584046753 0.025096160857533523 21520.0
0.49878211670311323 -0.9775334197440517 0.7613600892802224 0.20676837962872385 0.11856906121158328 -0.37089721584046753 -0.3774963748389122 21420.0
0.2924840851825754 -0.9898862783635931 -0.09890376138293933 0.20676837962872385 0.4791591954227894 0.8053610118517187 -0.3774963748389122 21392.0
0.7916595144436442 -0.9942651519524797 -0.31402818297835866 0.20676837962872385 0.16687703565810397 -0.7808064552643836 -0.4607536464953339 21340.0
0.983460328283975 -0.7158541349445304 -0.14112995964274933 0.09700439995416921 0.4487779869999402 0.21838527307205924 -0.3774963748389122 21196.0
0.8495202844826185 -0.8198688226338846 0.628915529073182 0.1789549215461947 -0.35341614081732686 0.8053610118517187 -0.3774963748389122 21012.0
0.6622022694258598 -0.9775334197440517 0.6778394979295599 0.4271284453442923 0.4791591954227894 -0.38659055108477824 -0.27614738325298926 20928.0
0.029078657924801687 -0.9083524066176898 0.6359121891842905 0.2972027257221006 -0.9673982083654125 -0.7227209840881452 -0.5159456147401775 20852.0
0.27104771094251423 -0.48062360863791675 0.6895007382492941 0.20676837962872385 -0.47837881856960474 0.8053610118517187 -0.27614738325298926 20808.0
0.1882087420367915 -0.9898862783635931 0.628915529073182 0.4271284453442923 0.4791591954227894 -0.7227209840881452 -0.2216119484925423 20784.0
0.7570820687990156 -0.8198688226338846 0.7613600892802224 0.20676837962872385 -0.35341614081732686 0.8053610118517187 -0.3774963748389122 20560.0
0.5742056741650301 -0.5789880980938831 0.628915529073182 0.30746214556182117 0.48026415472615747 0.00936472824688872 -0.2216119484925423 20524.0
0.1882087420367915 -0.9083524066176898 0.8043958109066334 0.7636453932151732 0.037659044610413916 -0.1946230794102588 -0.060141583065019155 20472.0
0.5477828829435503 -0.47762233000028065 0.0084556398774156 0.3627275532016814 0.21750130586425298 0.5377273223515209 0.025096160857533523 20304.0
0.7916595144436442 -0.9942651519524797 0.004066008652173769 0.20676837962872385 0.16687703565810397 -0.7808064552643836 -0.4607536464953339 20260.0
0.6622022694258598 -0.9775334197440517 0.6778394979295599 0.7400070865199904 -0.47837881856960474 0.13793904079974073 -0.060141583065019155 20200.0
0.6977758827444207 -0.9898862783635931 -0.19533950892819707 0.20676837962872385 0.4791591954227894 -0.920530040551041 -0.39242842182849635 20164.0
0.12615562422073356 -0.8198688226338846 -0.34170065219886747 0.20676837962872385 0.15578366194910465 -0.4820030438957206 -0.060141583065019155 19984.0
0.19345767575542427 -0.5395287811310654 0.6778394979295599 0.7400070865199904 -0.6346871049244966 0.042108393898946384 0.22870572912821907 19856.0
0.6977758827444207 -0.5594365094607034 -0.19533950892819707 0.20676837962872385 -0.4775200464734344 -0.920530040551041 -0.34820239105730844 19680.0
0.1882087420367915 -0.9240969147260312 0.628915529073182 0.9267757188195371 0.037659044610413916 -0.1946230794102588 0.1042856040701492 19664.0
0.6622022694258598 -0.9240969147260312 0.6895007382492941 0.6489015504499023 -0.9673982083654125 -0.920530040551041 -0.5159456147401775 19572.0
0.1882087420367915 -0.9240969147260312 -0.31402818297835866 0.9890360235165774 -0.36681194763039127 -0.37089721584046753 0.025096160857533523 19492.0
0.1882087420367915 -0.9898862783635931 0.8106599092900425 0.4271284453442923 -0.3883181152864127 -0.07988987963229896 -0.39242842182849635 19464.0
0.8905506091629232 -0.863916216502203 0.2382464867345313 0.49088643631653195 -0.027248212177644504 0.8053610118517187 0.22870572912821907 19444.0
0.19345767575542427 -0.5395287811310654 0.9918290228393902 0.7636453932151732 -0.6346871049244966 0.042108393898946384 0.22870572912821907 19416.0
0.9873586263575771 -0.9083524066176898 0.8043958109066334 0.30746214556182117 0.48026415472615747 0.00936472824688872 -0.5159456147401775 19336.0
0.7570820687990156 -0.9898862783635931 -0.09890376138293933 0.20676837962872385 -0.35341614081732686 0.8053610118517187 -0.3774963748389122 19220.0
0.6622022694258598 -0.9775334197440517 -0.6299280603335848 0.4271284453442923 0.13360875392959493 -0.38659055108477824 -0.27614738325298926 18948.0
0.17344423640274176 -0.9942651519524797 0.004066008652173769 0.7967759474782725 0.21750130586425298 -0.45310139824572726 0.1042856040701492 18788.0
0.19345767575542427 -0.5789880980938831 -0.31402818297835866 0.7636453932151732 -0.6346871049244966 0.00936472824688872 0.22870572912821907 18784.0
0.983460328283975 -0.9240969147260312 -0.14112995964274933 0.9019542235963813 0.4487779869999402 -0.1946230794102588 0.22910047041601445 18404.0
0.029078657924801687 -0.8703911207066886 0.9918290228393902 0.7636453932151732 -0.6941408474060937 -0.7227209840881452 -0.1563120083091032 18324.0
0.6977758827444207 -0.8198688226338846 0.7613600892802224 0.20676837962872385 -0.35341614081732686 -0.920530040551041 -0.34820239105730844 18296.0
0.1882087420367915 -0.9240969147260312 -0.7060055378717336 0.9019542235963813 0.037659044610413916 -0.920530040551041 -0.1563120083091032 17984.0
0.5090470735952062 -0.9240969147260312 0.8043958109066334 0.9019542235963813 0.31157743087108014 -0.09526355076668724 0.22870572912821907 17952.0
0.19345767575542427 -0.9942651519524797 0.9918290228393902 0.20676837962872385 -0.6346871049244966 -0.7808064552643836 -0.3774963748389122 17944.0
0.12615562422073356 -0.8198688226338846 -0.34170065219886747 0.20676837962872385 0.15578366194910465 -0.38659055108477824 -0.27614738325298926 17868.0
0.10177587553171707 -0.9240969147260312 -0.765803453097261 0.9019542235963813 0.037659044610413916 -0.3935303402809469 -0.3774963748389122 17856.0
0.5742056741650301 -0.7021460925937777 0.0987398004207547 0.30746214556182117 0.037659044610413916 -0.6154077470347441 -0.2216119484925423 17792.0
0.49878211670311323 -0.863916216502203 -0.765803453097261 0.20676837962872385 0.037659044610413916 -0.3935303402809469 -0.3774963748389122 17768.0
0.2924840851825754 -0.863916216502203 0.9918290228393902 0.20676837962872385 0.9595015401125486 0.8053610118517187 -0.39242842182849635 17724.0
0.5742056741650301 -0.7250828935383173 0.0987398004207547 0.30746214556182117 0.8095286555934864 -0.7808064552643836 -0.4607536464953339 17572.0
0.49878211670311323 -0.9240969147260312 0.7613600892802224 0.20676837962872385 0.11856906121158328 -0.1946230794102588 -0.44454379878086003 17564.0
0.1882087420367915 -0.9898862783635931 0.6895007382492941 0.11986144469413507 0.4791591954227894 -0.7227209840881452 -0.2216119484925423 17484.0
0.17344423640274176 -0.9898862783635931 -0.09890376138293933 0.9019542235963813 0.4791591954227894 -0.09526355076668724 -0.39242842182849635 17464.0
0.8905506091629232 -0.863916216502203 0.2382464867345313 0.4271284453442923 0.4791591954227894 0.8053610118517187 -0.39242842182849635 17384.0
0.8222574531597066 -0.5789880980938831 0.7613600892802224 0.30746214556182117 -0.35341614081732686 -0.4926507722563802 -0.060141583065019155 17300.0
0.49878211670311323 -0.9775334197440517 0.7613600892802224 0.20676837962872385 0.11856906121158328 -0.37089721584046753 -0.3774963748389122 17280.0
0.7570820687990156 -0.6012312185610944 0.7613600892802224 0.30746214556182117 0.8095286555934864 0.13793904079974073 -0.060141583065019155 17276.0
0.19345767575542427 -0.9240969147260312 0.8390057923523455 0.9019542235963813 -0.6346871049244966 -0.37089721584046753 0.1042856040701492 17220.0
0.5742056741650301 -0.5987656064997804 -0.6299280603335848 0.30746214556182117 0.13360875392959493 -0.6154077470347441 -0.2216119484925423 17180.0
0.2924840851825754 -0.863916216502203 0.2382464867345313 0.20676837962872385 0.9595015401125486 0.042108393898946384 -0.3774963748389122 17156.0
0.029078657924801687 -0.8735123009751066 0.2382464867345313 0.20676837962872385 0.9595015401125486 -0.7227209840881452 -0.3774963748389122 17064.0
0.7570820687990156 -0.5944259666145764 0.7613600892802224 0.09700439995416921 0.6759387579710789 -0.1946230794102588 -0.3774963748389122 17056.0
0.1882087420367915 -0.9775334197440517 -0.31402818297835866 0.9019542235963813 -0.11157586035385925 -0.37089721584046753 -0.060141583065019155 17048.0
0.6977758827444207 -0.5944259666145764 -0.19533950892819707 0.30746214556182117 0.6759387579710789 0.00936472824688872 -0.3774963748389122 16976.0
0.2924840851825754 -0.863916216502203 0.6778394979295599 0.20676837962872385 0.9595015401125486 0.8053610118517187 -0.3774963748389122 16928.0
0.1882087420367915 -0.9240969147260312 -0.31402818297835866 0.9019542235963813 -0.36681194763039127 -0.37089721584046753 0.025096160857533523 16900.0
0.8222574531597066 -0.9240969147260312 -0.31402818297835866 0.7636453932151732 -0.6346871049244966 0.042108393898946384 -0.060141583065019155 16852.0
0.1882087420367915 -0.5987656064997804 0.628915529073182 0.9267757188195371 0.3450969007603881 -0.1946230794102588 -0.1563120083091032 16816.0
0.029078657924801687 -0.9083524066176898 0.8043958109066334 0.7636453932151732 0.9642655620404843 -0.7730591052579998 -0.5159456147401775 16780.0
0.19345767575542427 -0.8287256593253559 0.9918290228393902 0.740131537330357 -0.9335074950770188 0.042108393898946384 0.22870572912821907 16716.0
0.17344423640274176 -0.9898862783635931 0.6091559004429722 0.9019542235963813 0.4791591954227894 -0.45310139824572726 -0.5983355940347598 16692.0
0.19345767575542427 -0.9083524066176898 0.2382464867345313 0.20676837962872385 -0.9673982083654125 0.042108393898946384 -0.3774963748389122 16640.0
0.6622022694258598 -0.9775334197440517 0.8043958109066334 0.4271284453442923 0.4791591954227894 -0.38659055108477824 -0.060141583065019155 16564.0
0.1882087420367915 -0.9240969147260312 0.8043958109066334 0.7636453932151732 -0.35341614081732686 -0.37089721584046753 0.1042856040701492 16504.0
0.49878211670311323 -0.863916216502203 -0.09890376138293933 0.4271284453442923 0.4791591954227894 -0.09526355076668724 -0.3774963748389122 16456.0
0.1882087420367915 -0.9240969147260312 -0.7060055378717336 0.9019542235963813 0.4791591954227894 -0.38659055108477824 -0.27614738325298926 16412.0
0.1882087420367915 -0.9240969147260312 -0.5808087017416492 0.3627275532016814 0.21750130586425298 -0.1946230794102588 -0.34820239105730844 16176.0
0.7570820687990156 -0.8703911207066886 -0.7060055378717336 0.8441223921045629 0.3450969007603881 -0.09526355076668724 -0.1563120083091032 16168.0
0.1882087420367915 -0.5789880980938831 0.628915529073182 0.30746214556182117 0.2590468941616966 0.00936472824688872 -0.2216119484925423 16160.0
0.1882087420367915 -0.5987656064997804 0.7613600892802224 0.3183530430488082 0.13360875392959493 -0.37089721584046753 -0.3774963748389122 16136.0
0.6622022694258598 -0.9775334197440517 0.6778394979295599 0.7400070865199904 -0.6346871049244966 0.042108393898946384 0.22870572912821907 16120.0
0.7916595144436442 -0.9083524066176898 0.8043958109066334 0.20676837962872385 -0.35341614081732686 -0.1946230794102588 -0.060141583065019155 16088.0
0.7916595144436442 -0.9240969147260312 0.004066008652173769 0.35018220459997607 0.4487779869999402 -0.7808064552643836 -0.019761838831337336 16088.0
0.19345767575542427 -0.5395287811310654 0.9918290228393902 0.7636453932151732 -0.6346871049244966 0.042108393898946384 0.22870572912821907 15996.0
0.1882087420367915 -0.5944259666145764 0.628915529073182 0.30746214556182117 -0.3835473082635259 -0.1946230794102588 -0.2216119484925423 15948.0
0.7570820687990156 -0.6012312185610944 0.7613600892802224 0.30746214556182117 0.48026415472615747 -0.1946230794102588 -0.060141583065019155 15808.0
0.17344423640274176 -0.5944259666145764 0.628915529073182 0.9019542235963813 0.3450969007603881 -0.1946230794102588 0.1042856040701492 15756.0
0.1882087420367915 -0.9240969147260312 0.6895007382492941 0.9019542235963813 0.4791591954227894 -0.37089721584046753 -0.5159456147401775 15748.0
0.49878211670311323 -0.9898862783635931 0.6895007382492941 0.4271284453442923 0.4791591954227894 -0.37089721584046753 -0.5159456147401775 15708.0
0.7570820687990156 -0.9898862783635931 0.6895007382492941 0.8441223921045629 0.4791591954227894 -0.7227209840881452 -0.060141583065019155 15624.0
0.1882087420367915 -0.5789880980938831 0.628915529073182 0.30746214556182117 0.13360875392959493 -0.37089721584046753 -0.2216119484925423 15624.0
0.5090470735952062 -0.9083524066176898 -0.09890376138293933 0.4271284453442923 0.4791591954227894 -0.09526355076668724 -0.2216119484925423 15608.0
0.19345767575542427 -0.5789880980938831 0.6895007382492941 0.30746214556182117 0.4791591954227894 -0.7227209840881452 -0.2216119484925423 15604.0
0.19345767575542427 -0.6107391453791378 0.0987398004207547 0.30746214556182117 -0.6346871049244966 0.042108393898946384 -0.2216119484925423 15496.0
0.49878211670311323 -0.9240969147260312 0.7613600892802224 0.20676837962872385 0.3450969007603881 -0.37089721584046753 -0.3774963748389122 15484.0
0.35492061848035644 -0.5987656064997804 0.7613600892802224 0.47464387219904025 -0.35341614081732686 0.8053610118517187 0.025096160857533523 15448.0
0.9873586263575771 -0.863916216502203 0.8043958109066334 0.20676837962872385 -0.11157586035385925 0.8053610118517187 -0.3774963748389122 15420.0
0.029078657924801687 -0.9240969147260312 0.628915529073182 0.9267757188195371 0.037659044610413916 -0.920530040551041 -0.1563120083091032 15404.0
0.7570820687990156 -0.863916216502203 -0.09890376138293933 0.20676837962872385 -0.35341614081732686 -0.09526355076668724 -0.3774963748389122 15308.0
0.8222574531597066 -0.8198688226338846 0.7613600892802224 0.3627275532016814 0.2590468941616966 -0.6154077470347441 -0.060141583065019155 15304.0
0.1882087420367915 -0.9083524066176898 0.8043958109066334 0.30746214556182117 0.8095286555934864 0.13793904079974073 -0.060141583065019155 15284.0
0.6622022694258598 -0.9898862783635931 0.6778394979295599 0.4271284453442923 0.4791591954227894 -0.38659055108477824 -0.27614738325298926 15244.0
0.029078657924801687 -0.6012312185610944 0.7613600892802224 0.30746214556182117 0.3450969007603881 -0.7227209840881452 -0.1563120083091032 15228.0
0.1882087420367915 -0.9240969147260312 -0.765803453097261 0.9019542235963813 0.3450969007603881 -0.3935303402809469 0.22910047041601445 15152.0
0.1882087420367915 -0.5789880980938831 0.628915529073182 0.30746214556182117 -0.3835473082635259 -0.6154077470347441 -0.1563120083091032 15000.0
0.1882087420367915 -0.5944259666145764 0.628915529073182 0.9019542235963813 0.3450969007603881 -0.1946230794102588 -0.1563120083091032 14984.0
0.10177587553171707 -0.9240969147260312 -0.765803453097261 0.20676837962872385 0.037659044610413916 -0.3935303402809469 -0.4607536464953339 14984.0
0.17344423640274176 -0.9240969147260312 -0.5808087017416492 0.9019542235963813 -0.36681194763039127 -0.37089721584046753 -0.34820239105730844 14960.0
0.5912223131067385 -0.7021460925937777 0.5618527470095933 0.6036537990794681 -0.35341614081732686 0.13793904079974073 -0.060141583065019155 14840.0
0.19345767575542427 -0.9240969147260312 -0.31402818297835866 0.7636453932151732 -0.6346871049244966 -0.1946230794102588 0.22910047041601445 14824.0
0.0804604907654829 -0.5987656064997804 0.7613600892802224 0.3183530430488082 0.13360875392959493 -0.4926507722563802 -0.2216119484925423 14568.0
0.029078657924801687 -0.8703911207066886 -0.7060055378717336 0.3183530430488082 0.13360875392959493 -0.37089721584046753 -0.1563120083091032 14532.0
0.17344423640274176 -0.48062360863791675 0.8390057923523455 0.20676837962872385 -0.47837881856960474 -0.37089721584046753 -0.27614738325298926 14412.0
0.1882087420367915 -0.5944259666145764 -0.6299280603335848 0.9267757188195371 0.3450969007603881 -0.37089721584046753 -0.1563120083091032 14400.0
0.7570820687990156 -0.9775334197440517 0.628915529073182 0.30746214556182117 -0.6346871049244966 0.8053610118517187 -0.3774963748389122 14376.0
0.2924840851825754 -0.863916216502203 0.628915529073182 0.20676837962872385 0.9595015401125486 0.13793904079974073 -0.3774963748389122 14312.0
0.5090470735952062 -0.9898862783635931 0.9918290228393902 0.7636453932151732 0.4791591954227894 0.042108393898946384 -0.39242842182849635 14216.0
0.1882087420367915 -0.9083524066176898 0.3468984885402737 0.2972027257221006 0.037659044610413916 -0.7227209840881452 -0.5159456147401775 14144.0
0.7570820687990156 -0.5789880980938831 0.628915529073182 0.2152044707866103 -0.35341614081732686 -0.3501862387535166 0.03080338273264971 14096.0
0.029078657924801687 -0.863916216502203 0.2382464867345313 0.20676837962872385 0.9595015401125486 -0.7227209840881452 -0.3774963748389122 14064.0
0.8222574531597066 -0.5789880980938831 -0.14112995964274933 0.30746214556182117 0.2590468941616966 0.21838527307205924 -0.060141583065019155 14000.0
0.8222574531597066 -0.9898862783635931 0.7613600892802224 0.4271284453442923 0.2590468941616966 -0.07988987963229896 -0.39242842182849635 13924.0
0.1882087420367915 -0.9942651519524797 -0.5808087017416492 0.9019542235963813 0.21750130586425298 -0.7808064552643836 -0.34820239105730844 13916.0
0.1882087420367915 -0.5987656064997804 0.6895007382492941 0.6489015504499023 -0.9673982083654125 -0.37089721584046753 -0.5159456147401775 13908.0
0.7570820687990156 -0.7021460925937777 0.7613600892802224 0.6036537990794681 0.037659044610413916 0.13793904079974073 -0.3774963748389122 13872.0
0.27104771094251423 -0.9240969147260312 0.6895007382492941 0.20676837962872385 -0.36681194763039127 -0.37089721584046753 -0.27614738325298926 13788.0
0.9873586263575771 -0.48062360863791675 0.8043958109066334 0.20676837962872385 0.48026415472615747 0.8053610118517187 -0.27614738325298926 13760.0
0.6622022694258598 -0.9240969147260312 0.6895007382492941 0.6489015504499023 -0.9673982083654125 -0.7227209840881452 0.22910047041601445 13736.0
0.17344423640274176 -0.9240969147260312 0.8390057923523455 0.7636453932151732 -0.6941408474060937 0.042108393898946384 -0.39242842182849635 13656.0
0.1882087420367915 -0.9240969147260312 -0.31402818297835866 0.6489015504499023 -0.9673982083654125 -0.7227209840881452 -0.1563120083091032 13616.0
0.17344423640274176 -0.9240969147260312 0.7613600892802224 0.30746214556182117 -0.36681194763039127 -0.37089721584046753 0.1042856040701492 13584.0
0.983460328283975 -0.7021460925937777 0.702404549324227 0.30746214556182117 0.037659044610413916 0.13793904079974073 -0.019761838831337336 13528.0
0.5560281579188403 -0.5789880980938831 0.03159002591040598 0.30746214556182117 0.21750130586425298 0.5377273223515209 -0.2216119484925423 13388.0
0.9873586263575771 -0.9083524066176898 0.628915529073182 0.20676837962872385 -0.3835473082635259 -0.6154077470347441 -0.5092807991397056 13372.0
0.1882087420367915 -0.9083524066176898 0.8390057923523455 0.7636453932151732 -0.35341614081732686 -0.45310139824572726 -0.060141583065019155 13356.0
0.5850137017292194 -0.9942651519524797 0.2382464867345313 0.20676837962872385 0.16687703565810397 -0.7808064552643836 -0.4607536464953339 13348.0
0.1882087420367915 -0.9083524066176898 0.8043958109066334 0.20676837962872385 0.9595015401125486 0.13793904079974073 -0.5159456147401775 13256.0
0.6622022694258598 -0.9083524066176898 0.8043958109066334 0.6489015504499023 -0.35341614081732686 -0.7227209840881452 -0.5159456147401775 13248.0
0.19345767575542427 -0.6108592879405825 0.9918290228393902 0.7636453932151732 -0.6346871049244966 0.042108393898946384 0.22870572912821907 13224.0
0.9873586263575771 -0.9240969147260312 -0.31402818297835866 0.7636453932151732 -0.6346871049244966 0.8053610118517187 0.22870572912821907 13212.0
0.23055252563557332 -0.8998732930667129 0.628915529073182 0.9267757188195371 0.3450969007603881 -0.1946230794102588 -0.1563120083091032 13096.0
0.5090470735952062 -0.9898862783635931 -0.09890376138293933 0.4271284453442923 0.4791591954227894 0.8053610118517187 -0.3774963748389122 13076.0
0.19345767575542427 -0.9240969147260312 -0.31402818297835866 0.7636453932151732 -0.9673982083654125 -0.7227209840881452 0.22870572912821907 13036.0
0.17344423640274176 -0.5789880980938831 0.628915529073182 0.30746214556182117 -0.36681194763039127 -0.6154077470347441 -0.2216119484925423 13020.0
0.5742056741650301 -0.8703911207066886 0.628915529073182 0.30746214556182117 -0.9673982083654125 -0.6154077470347441 -0.2216119484925423 12968.0
0.19345767575542427 -0.8377840909310721 0.6778394979295599 0.7400070865199904 -0.6346871049244966 0.13793904079974073 -0.5683779303961494 12932.0
0.7916595144436442 -0.9942651519524797 -0.31402818297835866 0.11773476121262007 0.11856906121158328 -0.37089721584046753 -0.4607536464953339 12924.0
0.6977758827444207 -0.9083524066176898 -0.09890376138293933 0.4271284453442923 0.4791591954227894 -0.09526355076668724 -0.39242842182849635 12888.0
0.029078657924801687 -0.5944259666145764 0.628915529073182 0.9019542235963813 0.037659044610413916 -0.920530040551041 -0.2216119484925423 12884.0
0.1882087420367915 -0.9240969147260312 0.7613600892802224 0.9019542235963813 -0.35341614081732686 -0.37089721584046753 -0.3774963748389122 12876.0
0.029078657924801687 -0.7158541349445304 0.6359121891842905 0.30746214556182117 -0.9673982083654125 -0.7227209840881452 -0.019761838831337336 12776.0
0.2924840851825754 -0.863916216502203 -0.7060055378717336 0.6489015504499023 0.3450969007603881 -0.7227209840881452 -0.1563120083091032 12720.0
0.029078657924801687 -0.8703911207066886 0.3468984885402737 0.6489015504499023 -0.9673982083654125 -0.7227209840881452 0.22910047041601445 12672.0
0.6977758827444207 -0.5789880980938831 -0.19533950892819707 0.30746214556182117 0.48026415472615747 0.00936472824688872 -0.34820239105730844 12544.0
0.1882087420367915 -0.863916216502203 0.628915529073182 0.20676837962872385 0.037659044610413916 0.13793904079974073 -0.3774963748389122 12500.0
0.1882087420367915 -0.47762233000028065 0.8106599092900425 0.20676837962872385 0.11856906121158328 -0.07988987963229896 -0.3774963748389122 12496.0
0.6622022694258598 -0.9898862783635931 0.628915529073182 0.4271284453442923 -0.6346871049244966 0.00936472824688872 -0.5159456147401775 12448.0
0.5742056741650301 -0.863916216502203 0.2382464867345313 0.20676837962872385 -0.6346871049244966 0.8053610118517187 -0.3774963748389122 12408.0
0.5742056741650301 -0.5789880980938831 0.628915529073182 0.7636453932151732 -0.6346871049244966 0.00936472824688872 0.22870572912821907 12372.0
0.6622022694258598 -0.9775334197440517 -0.14112995964274933 0.09700439995416921 -0.47837881856960474 0.21838527307205924 -0.3774963748389122 12356.0
0.5742056741650301 -0.7021460925937777 0.0987398004207547 0.30746214556182117 0.8095286555934864 -0.6154077470347441 -0.5683779303961494 12332.0
0.7570820687990156 -0.5789880980938831 0.628915529073182 0.30746214556182117 -0.3835473082635259 0.8053610118517187 -0.3774963748389122 12324.0
0.1882087420367915 -0.8198688226338846 0.628915529073182 0.11986144469413507 0.2590468941616966 0.13793904079974073 -0.2216119484925423 12256.0
0.6622022694258598 -0.9775334197440517 0.6778394979295599 0.7400070865199904 -0.47837881856960474 -0.1946230794102588 -0.060141583065019155 12172.0
0.27104771094251423 -0.48062360863791675 0.6895007382492941 0.20676837962872385 0.6759387579710789 -0.38659055108477824 -0.4561594061550789 12124.0
0.5742056741650301 -0.9240969147260312 0.628915529073182 0.9019542235963813 -0.11157586035385925 0.00936472824688872 -0.2216119484925423 12100.0
0.7750636441557524 -0.9240969147260312 -0.7060055378717336 0.9019542235963813 0.3450969007603881 -0.38659055108477824 0.22910047041601445 12092.0
0.6622022694258598 -0.9898862783635931 0.6895007382492941 0.30746214556182117 0.4791591954227894 -0.7227209840881452 -0.5159456147401775 12080.0
0.1882087420367915 -0.9240969147260312 -0.31402818297835866 0.9019542235963813 0.037659044610413916 -0.37089721584046753 0.025096160857533523 12036.0
0.029078657924801687 -0.5789880980938831 0.8043958109066334 0.30746214556182117 -0.9673982083654125 -0.6154077470347441 -0.060141583065019155 12004.0
0.1882087420367915 -0.9240969147260312 0.6895007382492941 0.9019542235963813 -0.9673982083654125 -0.920530040551041 0.22910047041601445 11988.0
0.5090470735952062 -0.9898862783635931 0.628915529073182 0.4271284453442923 0.4791591954227894 0.8053610118517187 -0.3774963748389122 11944.0
0.5742056741650301 -0.5944259666145764 0.8390057923523455 0.11986144469413507 -0.6346871049244966 0.13793904079974073 -0.2216119484925423 11932.0
0.1882087420367915 -0.9942651519524797 0.628915529073182 0.20676837962872385 0.037659044610413916 -0.7808064552643836 -0.4607536464953339 11920.0
0.7750636441557524 -0.6710873077480504 -0.7060055378717336 0.09700439995416921 0.3450969007603881 -0.38659055108477824 -0.4561594061550789 11828.0
0.19345767575542427 -0.9898862783635931 0.7613600892802224 0.30746214556182117 -0.6941408474060937 0.042108393898946384 -0.060141583065019155 11800.0
0.1882087420367915 -0.9240969147260312 0.8043958109066334 0.30746214556182117 -0.3835473082635259 -0.6154077470347441 -0.2216119484925423 11800.0
0.6622022694258598 -0.9240969147260312 0.6895007382492941 0.3183530430488082 -0.9673982083654125 -0.920530040551041 -0.2216119484925423 11776.0
0.1882087420367915 -0.5987656064997804 -0.6312967689464684 0.3183530430488082 0.13360875392959493 -0.3351060453219612 -0.3507455648767976 11708.0
0.5912223131067385 -0.8377840909310721 0.628915529073182 0.7967759474782725 0.037659044610413916 0.13793904079974073 -0.2216119484925423 11688.0
0.029078657924801687 -0.8703911207066886 0.3468984885402737 0.9019542235963813 0.037659044610413916 -0.7227209840881452 0.22910047041601445 11632.0
0.1882087420367915 -0.9240969147260312 -0.7060055378717336 0.9019542235963813 0.4791591954227894 -0.38659055108477824 0.22910047041601445 11616.0
0.7570820687990156 -0.8338632194230525 0.6807584522113519 0.30746214556182117 0.8095286555934864 0.8053610118517187 -0.3774963748389122 11576.0
0.8222574531597066 -0.8377840909310721 0.8390057923523455 0.7967759474782725 0.2590468941616966 -0.6154077470347441 -0.060141583065019155 11556.0
0.2924840851825754 -0.9898862783635931 -0.765803453097261 0.9019542235963813 0.4791591954227894 -0.3935303402809469 0.22910047041601445 11496.0
0.1882087420367915 -0.8198688226338846 0.628915529073182 0.11986144469413507 0.2590468941616966 -0.1946230794102588 -0.2216119484925423 11460.0
0.1882087420367915 -0.8703911207066886 0.8043958109066334 0.6489015504499023 -0.35341614081732686 -0.1946230794102588 -0.1563120083091032 11444.0
0.5742056741650301 -0.9240969147260312 0.8390057923523455 0.9267757188195371 0.037659044610413916 0.00936472824688872 0.1042856040701492 11396.0
0.1882087420367915 -0.9240969147260312 -0.7060055378717336 0.6489015504499023 0.3450969007603881 -0.7227209840881452 0.22910047041601445 11388.0
0.1882087420367915 -0.9240969147260312 0.628915529073182 0.9267757188195371 0.037659044610413916 -0.3935303402809469 -0.22243997894898943 11344.0
0.1882087420367915 -0.9240969147260312 -0.31402818297835866 0.9890360235165774 -0.36681194763039127 -0.37089721584046753 0.025096160857533523 11264.0
0.9889869483194704 -0.5944259666145764 0.9918290228393902 0.28828232012595323 -0.3835473082635259 0.00936472824688872 0.14375929280217448 11260.0
0.7916595144436442 -0.9942651519524797 -0.6299280603335848 0.20676837962872385 0.16687703565810397 -0.7808064552643836 -0.2216119484925423 11248.0
0.19345767575542427 -0.9942651519524797 0.2382464867345313 0.20676837962872385 -0.6346871049244966 -0.7808064552643836 -0.4607536464953339 11244.0
0.4535705105442478 -0.7158541349445304 0.8412284494086382 0.6489015504499023 -0.20253589703268537 -0.7227209840881452 0.0786476893491781 11212.0
0.0804604907654829 -0.8198688226338846 -0.14112995964274933 0.09700439995416921 -0.35341614081732686 -0.4926507722563802 -0.3774963748389122 11128.0
0.1882087420367915 -0.7021460925937777 0.628915529073182 0.20676837962872385 0.4791591954227894 0.13793904079974073 -0.5683779303961494 11120.0
0.7570820687990156 -0.8198688226338846 0.7613600892802224 0.30746214556182117 -0.35341614081732686 0.13793904079974073 -0.3774963748389122 11088.0
0.7570820687990156 -0.9775334197440517 0.6778394979295599 0.20676837962872385 -0.47837881856960474 0.13793904079974073 -0.060141583065019155 11032.0
0.49878211670311323 -0.8799265602313403 0.8390057923523455 0.7967759474782725 -0.36681194763039127 -0.4359784042083229 -0.3480520581883519 11028.0
0.17344423640274176 -0.9898862783635931 -0.09890376138293933 0.4271284453442923 -0.36681194763039127 -0.09526355076668724 -0.39242842182849635 11028.0
0.7570820687990156 -0.9775334197440517 0.7613600892802224 0.20676837962872385 -0.35341614081732686 0.13793904079974073 -0.3774963748389122 10976.0
0.17344423640274176 -0.5395287811310654 0.6778394979295599 0.7400070865199904 -0.36681194763039127 0.042108393898946384 0.1042856040701492 10952.0
0.8222574531597066 -0.9240969147260312 0.7432611028441425 0.9019542235963813 -0.35341614081732686 0.8053610118517187 0.03080338273264971 10944.0
0.5090470735952062 -0.9240969147260312 -0.09890376138293933 0.9019542235963813 0.037659044610413916 -0.3935303402809469 0.22910047041601445 10944.0
0.8222574531597066 -0.7158541349445304 0.7613600892802224 0.09700439995416921 0.4487779869999402 0.21838527307205924 -0.3774963748389122 10932.0
0.9873586263575771 -0.9898862783635931 0.8043958109066334 0.7636453932151732 -0.6941408474060937 0.042108393898946384 -0.39242842182849635 10924.0
0.2924840851825754 -0.863916216502203 0.8390057923523455 0.20676837962872385 0.9595015401125486 -0.45310139824572726 0.1042856040701492 10912.0
0.19345767575542427 -0.7158541349445304 -0.14112995964274933 0.7400070865199904 0.4487779869999402 0.042108393898946384 0.22870572912821907 10900.0
0.8222574531597066 -0.5789880980938831 0.628915529073182 0.30746214556182117 0.48026415472615747 -0.6154077470347441 -0.060141583065019155 10856.0
0.6622022694258598 -0.5789880980938831 0.6778394979295599 0.30746214556182117 -0.47837881856960474 0.00936472824688872 -0.27614738325298926 10848.0
0.6622022694258598 -0.5395287811310654 0.6895007382492941 0.6489015504499023 -0.9673982083654125 -0.920530040551041 -0.5159456147401775 10840.0
0.1882087420367915 -0.9240969147260312 0.7200634590762567 0.20676837962872385 0.17996314756431214 -0.1946230794102588 -0.3774963748389122 10824.0
0.6622022694258598 -0.9083524066176898 -0.7060055378717336 0.6489015504499023 -0.9673982083654125 -0.7227209840881452 -0.1563120083091032 10816.0
0.6977758827444207 -0.5594365094607034 -0.19533950892819707 0.4271284453442923 0.4791591954227894 -0.920530040551041 -0.39242842182849635 10728.0
0.1882087420367915 -0.9942651519524797 0.004066008652173769 0.9019542235963813 0.037659044610413916 -0.7808064552643836 -0.34820239105730844 10712.0
0.6977758827444207 -0.5594365094607034 -0.34170065219886747 0.20676837962872385 -0.4775200464734344 -0.4820030438957206 -0.34820239105730844 10688.0
0.5090470735952062 -0.9898862783635931 -0.09890376138293933 0.11986144469413507 0.2590468941616966 0.13793904079974073 -0.2216119484925423 10628.0
0.19345767575542427 -0.5944259666145764 0.9918290228393902 0.7636453932151732 0.3450969007603881 0.042108393898946384 -0.1563120083091032 10572.0
0.1882087420367915 -0.5789880980938831 0.3468984885402737 0.9019542235963813 0.48026415472615747 -0.1946230794102588 0.22910047041601445 10556.0
0.6622022694258598 -0.9898862783635931 0.6895007382492941 0.4271284453442923 -0.35341614081732686 0.8053610118517187 -0.5159456147401775 10540.0
0.029078657924801687 -0.5789880980938831 0.628915529073182 0.30746214556182117 0.3450969007603881 -0.6154077470347441 -0.1563120083091032 10540.0
0.5090470735952062 -0.9240969147260312 -0.765803453097261 0.9019542235963813 0.037659044610413916 -0.3935303402809469 -0.39242842182849635 10524.0
0.1882087420367915 -0.9240969147260312 -0.31402818297835866 0.20676837962872385 0.037659044610413916 -0.7808064552643836 -0.4607536464953339 10468.0
0.35492061848035644 -0.8377840909310721 0.8390057923523455 0.7967759474782725 -0.36681194763039127 -0.9513723539219887 0.1042856040701492 10428.0
0.1882087420367915 -0.5789880980938831 0.3468984885402737 0.30746214556182117 0.2590468941616966 -0.1946230794102588 -0.060141583065019155 10428.0
0.9524098510998817 -0.7158541349445304 0.2382464867345313 0.49088643631653195 -0.027248212177644504 0.779139879377442 0.22870572912821907 10400.0
0.1882087420367915 -0.863916216502203 0.2382464867345313 0.11986144469413507 0.9595015401125486 0.13793904079974073 -0.3774963748389122 10328.0
0.9873586263575771 -0.9309663196377207 0.628915529073182 0.9267757188195371 0.037659044610413916 -0.1946230794102588 -0.5159456147401775 10312.0
0.5090470735952062 -0.9083524066176898 -0.09890376138293933 0.6489015504499023 -0.9673982083654125 -0.09526355076668724 -0.39242842182849635 10272.0
0.1882087420367915 -0.9083524066176898 0.8106599092900425 0.4271284453442923 -0.9673982083654125 -0.07988987963229896 -0.39242842182849635 10268.0
0.7570820687990156 -0.9240969147260312 0.7613600892802224 0.9019542235963813 -0.11157586035385925 0.8053610118517187 0.025096160857533523 10260.0
0.5742056741650301 -0.9240969147260312 0.628915529073182 0.30746214556182117 0.48026415472615747 0.042108393898946384 0.22870572912821907 10260.0
0.1882087420367915 -0.5987656064997804 0.9918290228393902 0.6489015504499023 0.13360875392959493 0.042108393898946384 0.22870572912821907 10232.0
0.12615562422073356 -0.8198688226338846 -0.7060055378717336 0.20676837962872385 0.15578366194910465 -0.920530040551041 -0.1563120083091032 10220.0
0.7916595144436442 -0.9898862783635931 -0.09890376138293933 0.20676837962872385 0.16687703565810397 0.8053610118517187 -0.3774963748389122 10164.0
0.7916595144436442 -0.9942651519524797 0.702404549324227 0.35018220459997607 0.21750130586425298 -0.7808064552643836 -0.4607536464953339 10124.0
0.7570820687990156 -0.9083524066176898 0.7613600892802224 0.20676837962872385 0.9595015401125486 0.8053610118517187 -0.5159456147401775 10116.0
0.5742056741650301 -0.8198688226338846 0.7613600892802224 0.20676837962872385 -0.027248212177644504 -0.4926507722563802 -0.2216119484925423 10100.0
0.17344423640274176 -0.9240969147260312 0.8390057923523455 0.9019542235963813 -0.9673982083654125 -0.37089721584046753 0.025096160857533523 10080.0
0.0804604907654829 -0.8198688226338846 0.9918290228393902 0.8623866101850617 -0.35341614081732686 -0.7808064552643836 -0.4607536464953339 10056.0
0.7570820687990156 -0.6012312185610944 0.7613600892802224 0.6489015504499023 0.8095286555934864 0.13793904079974073 -0.060141583065019155 10008.0
0.5477828829435503 -0.47762233000028065 0.8412284494086382 0.20676837962872385 0.9595015401125486 0.21838527307205924 0.0786476893491781 10004.0
0.8222574531597066 -0.9083524066176898 0.6895007382492941 0.6489015504499023 0.2590468941616966 -0.7227209840881452 -0.5159456147401775 9972.0
0.17344423640274176 -0.9240969147260312 -0.7060055378717336 0.7967759474782725 -0.36681194763039127 -0.45310139824572726 0.22910047041601445 9932.0
0.7570820687990156 -0.5944259666145764 0.628915529073182 0.8441223921045629 0.3450969007603881 -0.1946230794102588 -0.1563120083091032 9916.0
0.1882087420367915 -0.9240969147260312 -0.7060055378717336 0.7967759474782725 -0.36681194763039127 -0.45310139824572726 0.1042856040701492 9916.0
0.2924840851825754 -0.9240969147260312 -0.7060055378717336 0.20676837962872385 0.9595015401125486 -0.920530040551041 -0.3774963748389122 9904.0
0.1882087420367915 -0.9942651519524797 0.004066008652173769 0.20676837962872385 0.037659044610413916 0.13793904079974073 -0.5683779303961494 9904.0
0.5742056741650301 -0.9083524066176898 0.0987398004207547 0.20676837962872385 0.8095286555934864 0.8053610118517187 -0.5159456147401775 9880.0
0.6622022694258598 -0.5944259666145764 0.628915529073182 0.6489015504499023 0.037659044610413916 -0.1946230794102588 -0.5159456147401775 9844.0
0.5090470735952062 -0.9240969147260312 -0.09890376138293933 0.9019542235963813 -0.11157586035385925 -0.37089721584046753 -0.39242842182849635 9784.0
0.2924840851825754 -0.863916216502203 -0.31402818297835866 0.7636453932151732 -0.36681194763039127 0.042108393898946384 -0.3774963748389122 9736.0
0.354765196353586 -0.5321069495561874 0.8412284494086382 0.20676837962872385 0.4487779869999402 0.1493072469471551 0.0786476893491781 9720.0
0.10177587553171707 -0.9083524066176898 -0.765803453097261 0.7636453932151732 0.037659044610413916 -0.1946230794102588 -0.060141583065019155 9520.0
0.7570820687990156 -0.6012312185610944 0.628915529073182 0.30746214556182117 0.8095286555934864 0.00936472824688872 -0.2216119484925423 9396.0
0.1882087420367915 -0.5944259666145764 0.9918290228393902 0.20676837962872385 0.037659044610413916 -0.1946230794102588 -0.2216119484925423 9396.0
0.19345767575542427 -0.9898862783635931 0.9918290228393902 0.9019542235963813 0.037659044610413916 0.042108393898946384 -0.39242842182849635 9360.0
0.6977758827444207 -0.5594365094607034 0.9918290228393902 0.20676837962872385 -0.6346871049244966 -0.920530040551041 -0.34820239105730844 9308.0
0.35552407843350275 -0.7021460925937777 0.5618527470095933 0.9019542235963813 0.29712014782602836 -0.2996872277755117 -0.5683779303961494 9276.0
0.1882087420367915 -0.5944259666145764 0.628915529073182 0.9267757188195371 0.3450969007603881 -0.1946230794102588 -0.39242842182849635 9268.0
0.1882087420367915 -0.8377840909310721 0.8390057923523455 0.9019542235963813 -0.36681194763039127 -0.45310139824572726 0.1042856040701492 9248.0
0.49878211670311323 -0.47762233000028065 -0.09890376138293933 0.4271284453442923 0.11856906121158328 -0.09526355076668724 -0.39242842182849635 9216.0
0.1882087420367915 -0.8198688226338846 0.8043958109066334 0.7636453932151732 0.2590468941616966 0.13793904079974073 -0.2216119484925423 9140.0
0.19345767575542427 -0.5395287811310654 0.9918290228393902 0.8623866101850617 -0.6346871049244966 0.042108393898946384 -0.3774963748389122 9100.0
0.8222574531597066 -0.9240969147260312 0.7432611028441425 0.9019542235963813 0.037659044610413916 -0.1946230794102588 -0.2216119484925423 9036.0
0.19345767575542427 -0.5395287811310654 -0.5808087017416492 0.9019542235963813 0.037659044610413916 -0.1946230794102588 -0.34820239105730844 9000.0
0.4502264457257303 -0.9127353140020779 0.9343287611911386 0.9215505391947106 0.037659044610413916 -0.8972990341177561 -0.1563120083091032 8992.0
0.49878211670311323 -0.47762233000028065 0.0084556398774156 0.3627275532016814 0.11856906121158328 0.5377273223515209 0.025096160857533523 8920.0
0.5853053884767762 -0.5944259666145764 -0.09890376138293933 0.4271284453442923 0.037659044610413916 -0.09526355076668724 -0.3815081103897576 8916.0
0.7916595144436442 -0.48062360863791675 0.004066008652173769 0.20676837962872385 -0.47837881856960474 -0.7808064552643836 -0.4607536464953339 8912.0
0.6977758827444207 -0.5789880980938831 -0.19533950892819707 0.30746214556182117 0.2590468941616966 0.00936472824688872 -0.060141583065019155 8900.0
0.029078657924801687 -0.7250828935383173 0.8043958109066334 0.30746214556182117 -0.9673982083654125 -0.6154077470347441 -0.5159456147401775 8840.0
0.6622022694258598 -0.9240969147260312 0.6895007382492941 0.6489015504499023 0.9595015401125486 -0.920530040551041 -0.5159456147401775 8780.0
0.6977758827444207 -0.5789880980938831 0.7613600892802224 0.30746214556182117 0.48026415472615747 0.00936472824688872 -0.3774963748389122 8776.0
0.5742056741650301 -0.9083524066176898 0.628915529073182 0.9019542235963813 0.3450969007603881 -0.1946230794102588 -0.2216119484925423 8756.0
0.19345767575542427 -0.9240969147260312 -0.31402818297835866 0.9019542235963813 -0.6346871049244966 0.042108393898946384 0.22870572912821907 8692.0
0.6280653113640182 -0.9083524066176898 0.8043958109066334 0.47464387219904025 0.48026415472615747 0.2355428674961355 0.1042856040701492 8680.0
0.983460328283975 -0.5789880980938831 0.628915529073182 0.09700439995416921 -0.3835473082635259 -0.6154077470347441 -0.2216119484925423 8672.0
0.49878211670311323 -0.47762233000028065 0.7613600892802224 0.20676837962872385 0.4791591954227894 0.8053610118517187 -0.3774963748389122 8672.0
0.19345767575542427 -0.9083524066176898 -0.31402818297835866 0.6489015504499023 -0.9673982083654125 -0.7227209840881452 -0.2216119484925423 8648.0
0.1882087420367915 -0.9240969147260312 0.3468984885402737 0.9019542235963813 0.037659044610413916 -0.37089721584046753 0.22910047041601445 8648.0
0.5742056741650301 -0.7250828935383173 0.0987398004207547 0.30746214556182117 -0.36681194763039127 -0.6154077470347441 -0.2216119484925423 8632.0
0.17344423640274176 -0.9240969147260312 0.628915529073182 0.9019542235963813 0.2590468941616966 -0.37089721584046753 0.1042856040701492 8600.0
0.0804604907654829 -0.8198688226338846 0.6895007382492941 0.6489015504499023 -0.9673982083654125 -0.7227209840881452 -0.5159456147401775 8596.0
0.27104771094251423 -0.48062360863791675 0.6895007382492941 0.20676837962872385 -0.47837881856960474 -0.37089721584046753 0.1042856040701492 8532.0
0.7570820687990156 -0.9942651519524797 0.7613600892802224 0.20676837962872385 -0.027248212177644504 -0.7808064552643836 -0.4607536464953339 8508.0
0.17344423640274176 -0.8377840909310721 0.8390057923523455 0.3183530430488082 0.13360875392959493 -0.45310139824572726 0.1042856040701492 8444.0
0.7916595144436442 -0.9942651519524797 -0.31402818297835866 0.8623866101850617 -0.35341614081732686 -0.4926507722563802 -0.3774963748389122 8400.0
0.8222574531597066 -0.5789880980938831 0.628915529073182 0.30746214556182117 0.2590468941616966 -0.6154077470347441 -0.060141583065019155 8388.0
0.1882087420367915 -0.48062360863791675 0.6895007382492941 0.20676837962872385 0.13360875392959493 -0.37089721584046753 -0.2216119484925423 8348.0
0.5090470735952062 -0.9322650796863408 -0.7060055378717336 0.9258674942183848 0.4791591954227894 -0.09526355076668724 -0.39242842182849635 8336.0
0.1882087420367915 -0.5987656064997804 0.004066008652173769 0.3183530430488082 0.16687703565810397 -0.7808064552643836 -0.4607536464953339 8316.0
0.1882087420367915 -0.5395287811310654 0.9918290228393902 0.9019542235963813 0.3450969007603881 -0.1946230794102588 0.22910047041601445 8304.0
0.7570820687990156 -0.9083524066176898 0.7613600892802224 0.20676837962872385 -0.35341614081732686 0.8053610118517187 -0.3774963748389122 8136.0
0.6622022694258598 -0.9240969147260312 0.628915529073182 0.9267757188195371 -0.9673982083654125 -0.920530040551041 -0.1563120083091032 8072.0
0.6977758827444207 -0.47762233000028065 -0.19533950892819707 0.2152044707866103 0.7274560487923376 -0.3501862387535166 -0.3774963748389122 7956.0
0.5090470735952062 -0.6012312185610944 0.7613600892802224 0.30746214556182117 0.4791591954227894 0.13793904079974073 -0.39242842182849635 7864.0
0.2924840851825754 -0.5395287811310654 0.2382464867345313 0.20676837962872385 0.9595015401125486 0.042108393898946384 -0.3774963748389122 7824.0
0.5090470735952062 -0.9898862783635931 -0.1478387395516534 0.9019542235963813 -0.36681194763039127 -0.09526355076668724 0.1042856040701492 7812.0
0.6280653113640182 -0.5789880980938831 -0.31402818297835866 0.47464387219904025 0.16687703565810397 -0.7808064552643836 -0.4607536464953339 7804.0
0.6622022694258598 -0.5789880980938831 0.7432611028441425 0.4271284453442923 0.4791591954227894 -0.7227209840881452 -0.5159456147401775 7772.0
0.1882087420367915 -0.9240969147260312 -0.5808087017416492 0.7636453932151732 -0.6346871049244966 -0.1946230794102588 0.22870572912821907 7772.0
0.5236827744807631 -0.9240969147260312 0.5618527470095933 0.8145233677536858 -0.4775200464734344 0.13793904079974073 -0.5683779303961494 7744.0
0.2924840851825754 -0.863916216502203 0.2382464867345313 0.6036537990794681 0.037659044610413916 0.13793904079974073 -0.3774963748389122 7720.0
0.7570820687990156 -0.5395287811310654 0.9918290228393902 0.7636453932151732 -0.6346871049244966 0.042108393898946384 -0.3774963748389122 7664.0
0.2924840851825754 -0.863916216502203 0.8390057923523455 0.20676837962872385 -0.36681194763039127 -0.45310139824572726 -0.3774963748389122 7652.0
0.029078657924801687 -0.9942651519524797 0.004066008652173769 0.20676837962872385 0.3450969007603881 -0.3501862387535166 -0.1563120083091032 7648.0
0.12579259067711662 -0.9083524066176898 0.7899408797651399 0.30746214556182117 0.037659044610413916 0.00936472824688872 -0.5159456147401775 7620.0
0.6977758827444207 -0.9240969147260312 -0.31402818297835866 0.7636453932151732 -0.4775200464734344 -0.920530040551041 -0.34820239105730844 7556.0
0.7570820687990156 -0.5944259666145764 0.7613600892802224 0.9267757188195371 0.037659044610413916 0.8053610118517187 -0.2216119484925423 7508.0
0.19345767575542427 -0.9898862783635931 0.6778394979295599 0.7636453932151732 -0.6941408474060937 -0.38659055108477824 -0.39242842182849635 7440.0
0.7570820687990156 -0.8198688226338846 0.004066008652173769 0.20676837962872385 0.7274560487923376 -0.7808064552643836 -0.060141583065019155 7424.0
0.49878211670311323 -0.863916216502203 0.628915529073182 0.6036537990794681 -0.11157586035385925 0.8053610118517187 -0.5683779303961494 7400.0
0.6977758827444207 -0.9775334197440517 0.6778394979295599 0.7400070865199904 0.037659044610413916 -0.1946230794102588 -0.2216119484925423 7384.0
0.10177587553171707 -0.9240969147260312 -0.09890376138293933 0.4271284453442923 0.037659044610413916 -0.3935303402809469 0.22910047041601445 7344.0
0.17344423640274176 -0.9240969147260312 0.8390057923523455 0.9019542235963813 -0.6346871049244966 -0.37089721584046753 0.1042856040701492 7328.0
0.5742056741650301 -0.9240969147260312 -0.765803453097261 0.30746214556182117 0.8095286555934864 -0.6154077470347441 0.22910047041601445 7300.0
0.1882087420367915 -0.5987656064997804 -0.6236926679142012 0.3183530430488082 0.13360875392959493 -0.37089721584046753 0.1042856040701492 7292.0
0.5090470735952062 -0.9898862783635931 -0.09890376138293933 0.4271284453442923 -0.35341614081732686 -0.1946230794102588 -0.39242842182849635 7284.0
0.7570820687990156 -0.5944259666145764 -0.34170065219886747 0.8441223921045629 0.037659044610413916 -0.1946230794102588 -0.060141583065019155 7228.0
0.5742056741650301 -0.9942651519524797 0.004066008652173769 0.30746214556182117 -0.3835473082635259 -0.7808064552643836 -0.4607536464953339 7228.0
0.983460328283975 -0.9898862783635931 0.9918290228393902 0.7636453932151732 0.4487779869999402 0.042108393898946384 -0.3774963748389122 7220.0
0.35492061848035644 -0.9240969147260312 0.3468984885402737 0.47464387219904025 0.13360875392959493 -0.1946230794102588 0.025096160857533523 7172.0
0.19345767575542427 -0.8198688226338846 0.9918290228393902 0.8623866101850617 -0.6346871049244966 0.042108393898946384 -0.3774963748389122 7120.0
0.35492061848035644 -0.5987656064997804 0.628915529073182 0.47464387219904025 0.13360875392959493 -0.9513723539219887 0.025096160857533523 7108.0
0.49878211670311323 -0.47762233000028065 -0.7060055378717336 0.9019542235963813 0.11856906121158328 -0.1946230794102588 0.22910047041601445 7036.0
0.12615562422073356 -0.7727042444789672 -0.34170065219886747 0.47464387219904025 -0.9673982083654125 -0.7227209840881452 -0.5159456147401775 7008.0
0.7570820687990156 -0.6012312185610944 0.7613600892802224 0.8623866101850617 0.8095286555934864 -0.4926507722563802 -0.3774963748389122 6992.0
0.6622022694258598 -0.9775334197440517 0.7613600892802224 0.20676837962872385 -0.35341614081732686 0.8053610118517187 -0.5159456147401775 6876.0
0.1882087420367915 -0.9240969147260312 0.702404549324227 0.35018220459997607 0.3450969007603881 -0.1946230794102588 0.22910047041601445 6876.0
0.6622022694258598 -0.9240969147260312 0.6778394979295599 0.4271284453442923 0.3450969007603881 -0.38659055108477824 0.22910047041601445 6868.0
0.5742056741650301 -0.5789880980938831 0.628915529073182 0.30746214556182117 0.31157743087108014 -0.37089721584046753 0.22870572912821907 6828.0
0.7916595144436442 -0.9942651519524797 -0.31402818297835866 0.9019542235963813 0.16687703565810397 -0.920530040551041 -0.1563120083091032 6824.0
0.7916595144436442 -0.5789880980938831 0.004066008652173769 0.30746214556182117 0.21750130586425298 0.00936472824688872 -0.4607536464953339 6784.0
0.1882087420367915 -0.9898862783635931 0.9918290228393902 0.9019542235963813 -0.6941408474060937 0.042108393898946384 -0.39242842182849635 6740.0
0.5850137017292194 -0.47762233000028065 0.8390057923523455 0.47464387219904025 -0.11157586035385925 0.8053610118517187 -0.27614738325298926 6600.0
0.2924840851825754 -0.877260230452755 0.8043958109066334 0.1410793496030159 -0.35341614081732686 0.8053610118517187 -0.060141583065019155 6436.0
0.7570820687990156 -0.5944259666145764 0.7613600892802224 0.9267757188195371 0.8095286555934864 -0.1946230794102588 -0.060141583065019155 6428.0
0.19345767575542427 -0.8198688226338846 0.9918290228393902 0.99810376775004 -0.6346871049244966 -0.7808064552643836 -0.4607536464953339 6240.0
0.19345767575542427 -0.5395287811310654 -0.5808087017416492 0.9019542235963813 0.037659044610413916 0.042108393898946384 -0.34820239105730844 6192.0
0.19345767575542427 -0.5789880980938831 0.628915529073182 0.30746214556182117 0.11856906121158328 0.00936472824688872 -0.2216119484925423 6164.0
0.49878211670311323 -0.47762233000028065 0.7613600892802224 0.9019542235963813 -0.36681194763039127 -0.37089721584046753 -0.3774963748389122 6116.0
0.1882087420367915 -0.9240969147260312 -0.14112995964274933 0.09700439995416921 0.4487779869999402 0.21838527307205924 -0.3774963748389122 6092.0
0.8222574531597066 -0.863916216502203 0.2382464867345313 0.9019542235963813 -0.027248212177644504 0.8053610118517187 0.03080338273264971 6044.0
0.6977758827444207 -0.5944259666145764 0.628915529073182 0.9267757188195371 0.8095286555934864 -0.1946230794102588 -0.2587675912057885 5932.0
0.1882087420367915 -0.9240969147260312 -0.31402818297835866 0.09700439995416921 -0.11157586035385925 -0.37089721584046753 0.025096160857533523 5856.0
0.19345767575542427 -0.9942651519524797 0.9918290228393902 0.09700439995416921 -0.6346871049244966 0.21838527307205924 -0.3774963748389122 5840.0
0.1882087420367915 -0.7021460925937777 -0.7060055378717336 0.6036537990794681 0.3450969007603881 -0.1946230794102588 0.22910047041601445 5696.0
0.5477828829435503 -0.47762233000028065 0.6778394979295599 0.7400070865199904 0.21750130586425298 0.5377273223515209 0.025096160857533523 5640.0
0.19345767575542427 -0.9898862783635931 0.9918290228393902 0.20676837962872385 -0.6346871049244966 -0.7808064552643836 -0.3774963748389122 5524.0
0.19345767575542427 -0.5395287811310654 -0.5808087017416492 0.9019542235963813 0.037659044610413916 -0.1946230794102588 -0.34820239105730844 5520.0
0.7570820687990156 -0.9775334197440517 0.7613600892802224 0.11236851067203973 0.8095286555934864 -0.6154077470347441 -0.2894557510863899 5344.0
0.5477828829435503 -0.47762233000028065 0.0084556398774156 0.3627275532016814 0.21750130586425298 0.21838527307205924 0.0786476893491781 5180.0
0.19345767575542427 -0.5789880980938831 0.628915529073182 0.30746214556182117 0.31157743087108014 0.00936472824688872 0.22870572912821907 5148.0
0.1882087420367915 -0.9083524066176898 0.6469539040510347 0.6489015504499023 -0.9673982083654125 -0.7227209840881452 -0.49662758286802045 5104.0
0.1882087420367915 -0.5987656064997804 -0.7060055378717336 0.3183530430488082 0.13360875392959493 -0.1946230794102588 0.22910047041601445 4800.0
0.1882087420367915 -0.9240969147260312 0.628915529073182 0.20676837962872385 -0.36681194763039127 -0.37089721584046753 0.025096160857533523 4732.0
0.19345767575542427 -0.9898862783635931 -0.5430419109338411 0.47464387219904025 -0.36681194763039127 0.5318257949084013 -0.39242842182849635 4676.0
0.5742056741650301 -0.9240969147260312 -0.31402818297835866 0.30746214556182117 -0.6346871049244966 0.00936472824688872 0.22870572912821907 4624.0
0.19345767575542427 -0.8198688226338846 0.7613600892802224 0.8623866101850617 -0.6346871049244966 -0.4926507722563802 0.22870572912821907 4480.0
0.7570820687990156 -0.9775334197440517 0.7613600892802224 0.20676837962872385 -0.9673982083654125 0.042108393898946384 0.22870572912821907 4436.0
0.1882087420367915 -0.9240969147260312 0.628915529073182 0.9019542235963813 0.2590468941616966 0.13793904079974073 -0.2216119484925423 4288.0
0.7916595144436442 -0.9898862783635931 -0.31402818297835866 0.20676837962872385 0.16687703565810397 -0.7227209840881452 -0.4607536464953339 4136.0
0.19345767575542427 -0.9942651519524797 0.8390057923523455 0.20676837962872385 -0.36681194763039127 -0.37089721584046753 0.1042856040701492 4020.0
0.17344423640274176 -0.8377840909310721 0.628915529073182 0.7967759474782725 -0.36681194763039127 0.13793904079974073 0.1042856040701492 3980.0
0.7570820687990156 -0.6012312185610944 0.7613600892802224 0.30746214556182117 0.8095286555934864 0.13793904079974073 0.22870572912821907 3836.0
0.5742056741650301 -0.9240969147260312 0.3468984885402737 0.30746214556182117 0.48026415472615747 -0.1946230794102588 0.22910047041601445 3676.0
0.7732398213616731 -0.6012343338318077 -0.19533950892819707 0.7636453932151732 0.7274560487923376 0.042108393898946384 0.029367672427678126 3204.0
0.6622022694258598 -0.9898862783635931 0.7613600892802224 0.3701975093649924 -0.388908458609028 0.8053610118517187 -0.535374259506884 2872.0
0.7570820687990156 -0.9775334197440517 0.7613600892802224 0.20676837962872385 -0.35341614081732686 0.8457831207767541 0.22870572912821907 2832.0
0.1882087420367915 -0.9240969147260312 0.3468984885402737 0.9019542235963813 0.037659044610413916 0.13793904079974073 -0.5683779303961494 2824.0
0.7570820687990156 -0.6012312185610944 0.7613600892802224 0.30746214556182117 0.3450969007603881 0.13793904079974073 0.22910047041601445 2816.0
0.1882087420367915 -0.9775334197440517 0.8043958109066334 0.20676837962872385 -0.35341614081732686 0.8053610118517187 -0.44852031534166914 2736.0
0.029078657924801687 -0.9240969147260312 -0.7060055378717336 0.9890360235165774 0.3450969007603881 -0.7227209840881452 0.025096160857533523 2636.0
0.1882087420367915 -0.863916216502203 0.7613600892802224 0.20676837962872385 -0.35341614081732686 0.8053610118517187 -0.3774963748389122 2584.0
0.1882087420367915 -0.5395287811310654 0.9918290228393902 0.9890360235165774 -0.6346871049244966 0.042108393898946384 0.025096160857533523 2292.0
0.19345767575542427 -0.9942651519524797 -0.31402818297835866 0.20676837962872385 -0.6346871049244966 -0.7808064552643836 0.22870572912821907 2004.0
0.19345767575542427 -0.9942651519524797 0.9918290228393902 0.20676837962872385 -0.6346871049244966 -0.7808064552643836 0.1042856040701492 2000.0
0.1882087420367915 -0.47762233000028065 0.3468984885402737 0.20676837962872385 0.11856906121158328 -0.37089721584046753 0.22910047041601445 2000.0
0.1882087420367915 -0.9240969147260312 -0.5808087017416492 0.9019542235963813 0.037659044610413916 0.13793904079974073 -0.5683779303961494 2000.0
0.1882087420367915 -0.9898862783635931 0.628915529073182 0.20676837962872385 0.4791591954227894 0.8053610118517187 -0.3774963748389122 1900.0
0.1882087420367915 -0.9240969147260312 0.7613600892802224 0.20676837962872385 0.037659044610413916 -0.37089721584046753 0.22910047041601445 1824.0
0.7916595144436442 -0.9942651519524797 -0.7060055378717336 0.20676837962872385 0.3450969007603881 -0.1946230794102588 0.22910047041601445 1704.0
0.19345767575542427 -0.48062360863791675 0.628915529073182 0.20676837962872385 -0.6346871049244966 0.8053610118517187 -0.2216119484925423 1612.0
0.19345767575542427 -0.9942651519524797 0.9918290228393902 0.20676837962872385 -0.6346871049244966 -0.7808064552643836 0.22870572912821907 1464.0
0.1882087420367915 -0.9083524066176898 0.8043958109066334 0.20676837962872385 -0.35341614081732686 0.8053610118517187 -0.3774963748389122 1360.0
0.029078657924801687 -0.5395287811310654 -0.7060055378717336 0.7636453932151732 0.037659044610413916 0.042108393898946384 -0.1563120083091032 1268.0
0.0804604907654829 -0.7021460925937777 0.7613600892802224 0.6036537990794681 -0.35341614081732686 0.13793904079974073 -0.3774963748389122 1096.0
0.49878211670311323 -0.47762233000028065 0.7613600892802224 0.20676837962872385 0.11856906121158328 0.042108393898946384 0.22870572912821907 1004.0
0.029078657924801687 -0.9083524066176898 0.8043958109066334 0.7636453932151732 -0.9673982083654125 -0.1946230794102588 -0.060141583065019155 968.0
0.029078657924801687 -0.9083524066176898 0.8043958109066334 0.2972027257221006 -0.11157586035385925 0.521615785072072 0.025096160857533523 784.0
0.19345767575542427 -0.8198688226338846 0.9918290228393902 0.20676837962872385 -0.35341614081732686 0.8053610118517187 0.22870572912821907 780.0
0.0804604907654829 -0.8198688226338846 0.7613600892802224 0.8441223921045629 -0.35341614081732686 -0.09526355076668724 -0.060141583065019155 764.0
0.029078657924801687 -0.6108592879405825 -0.3308979423125773 0.6036537990794681 -0.9673982083654125 0.13793904079974073 -0.5159456147401775 736.0
0.1882087420367915 -0.47762233000028065 0.8390057923523455 0.9019542235963813 -0.11157586035385925 0.36412058924520085 0.025096160857533523 712.0
0.1882087420367915 -0.8198688226338846 0.3468984885402737 0.11986144469413507 0.037659044610413916 -0.1946230794102588 0.22910047041601445 704.0
0.0804604907654829 -0.9240969147260312 0.7613600892802224 0.9019542235963813 0.3450969007603881 -0.1946230794102588 0.22910047041601445 696.0
0.1882087420367915 -0.9240969147260312 0.3468984885402737 0.20676837962872385 0.037659044610413916 -0.1946230794102588 0.22910047041601445 664.0
0.19345767575542427 -0.9898862783635931 -0.09890376138293933 0.7636453932151732 0.4791591954227894 0.8053610118517187 -0.39242842182849635 556.0
0.029078657924801687 -0.5789880980938831 0.628915529073182 0.30746214556182117 0.037659044610413916 0.00936472824688872 -0.2216119484925423 504.0
0.12615562422073356 -0.863916216502203 -0.34170065219886747 0.49088643631653195 -0.027248212177644504 0.8053610118517187 0.22870572912821907 480.0
0.029078657924801687 -0.8377840909310721 0.8390057923523455 0.7967759474782725 -0.36681194763039127 -0.37089721584046753 0.025096160857533523 472.0
0.09698407369245507 -0.9240969147260312 0.9918290228393902 0.9470218865443635 0.037659044610413916 -0.018643599727238974 -0.39242842182849635 440.0
0.1882087420367915 -0.7021460925937777 0.0084556398774156 0.6036537990794681 0.21750130586425298 0.5377273223515209 0.025096160857533523 432.0
0.19345767575542427 -0.38540580663205615 0.9918290228393902 0.7636453932151732 -0.6405299874173145 0.5377273223515209 -0.39242842182849635 400.0
0.2924840851825754 -0.863916216502203 0.3468984885402737 0.9019542235963813 0.9595015401125486 0.8053610118517187 0.22910047041601445 344.0
0.029078657924801687 -0.9240969147260312 -0.7060055378717336 0.9019542235963813 -0.6346871049244966 0.042108393898946384 0.22870572912821907 292.0
0.029078657924801687 -0.9670774087933263 0.628915529073182 0.35018220459997607 -0.9673982083654125 0.21838527307205924 -0.1563120083091032 280.0
0.029078657924801687 -0.9775334197440517 -0.7060055378717336 0.20676837962872385 -0.35341614081732686 0.8053610118517187 -0.3774963748389122 256.0
0.27104771094251423 -0.48062360863791675 0.6895007382492941 0.9019542235963813 -0.36681194763039127 0.8053610118517187 0.1042856040701492 88.0
0.029078657924801687 -0.8703911207066886 -0.14112995964274933 0.6489015504499023 0.4487779869999402 0.21838527307205924 -0.3774963748389122 88.0
0.029078657924801687 -0.8198688226338846 0.628915529073182 0.9019542235963813 0.037659044610413916 0.13793904079974073 -0.1563120083091032 72.0
0.1882087420367915 -0.5944259666145764 0.2382464867345313 0.9267757188195371 0.3450969007603881 0.8053610118517187 -0.3774963748389122 68.0
0.1882087420367915 -0.863916216502203 -0.7060055378717336 0.9019542235963813 -0.027248212177644504 0.8053610118517187 0.22910047041601445 68.0
0.029078657924801687 -0.9240969147260312 -0.7060055378717336 0.9019542235963813 -0.35341614081732686 0.5377273223515209 -0.1563120083091032 48.0
0.032996936116445996 -0.9240969147260312 0.2382464867345313 0.8374463983907308 0.047701045369279466 0.7275841712010482 0.22910047041601445 32.0
0.0804604907654829 -0.8198688226338846 0.2382464867345313 0.20676837962872385 -0.35341614081732686 0.8053610118517187 -0.3774963748389122 16.0
3